basis splines without age square
[1] "alpha updated"
[1] "delta updated"
[1] "beta updated"
[1] "******************************0th Iteration******************************"
[1] "beta"
[1]  0.62646887  0.19053536 -0.21063248 -0.11245269  0.04045911 -0.62096877
[7]  0.02400820 -0.35488762 -0.02146190
[1] "alpha1"
[1] -1.450980 -2.091303 -2.860352 -2.085589 -2.168884 -2.929427 -1.762319
[8] -2.571263
[1] "alpha2"
[1] -2.993384 -3.897139 -4.381414 -7.937160 -3.628700 -6.082120 -3.351821
[8] -4.720166
[1] "delta"
[1] 0.5982969
[1] "err"
[1] 0.9124552
[1] "alpha updated"
[1] "delta updated"
[1] "beta updated"
[1] "******************************1th Iteration******************************"
[1] "beta"
[1]  0.65724848  0.18763573 -0.17246868 -0.11312596  0.03316364 -0.61382280
[7]  0.02257660 -0.33219017 -0.03919268
[1] "alpha1"
[1] -1.190341 -1.940770 -2.750234 -1.908641 -2.288733 -3.016243 -2.625873
[8] -3.495607
[1] "alpha2"
[1]  -2.6493772  -3.8987836  -3.5102372  -9.6978392  -2.0371271  -9.4397597
[7]   0.6485206 -16.9992270
[1] "delta"
[1] 0.59695
[1] "err"
[1] 0.05788288
[1] "alpha updated"
[1] "delta updated"
[1] "beta updated"
[1] "******************************2th Iteration******************************"
[1] "beta"
[1]  0.69284342  0.18916238 -0.14584876 -0.10956347  0.03483844 -0.59861572
[7]  0.01134315 -0.29900646 -0.04267971
[1] "alpha1"
[1] -1.153315 -1.835161 -2.720962 -1.834081 -2.385809 -2.982248 -2.900294
[8] -3.625272
[1] "alpha2"
[1]  -2.659247  -3.705870  -3.685674  -8.962629  -2.196983  -9.628149
[7]   1.040978 -18.750806
[1] "delta"
[1] 0.5999071
[1] "err"
[1] 0.05893179
[1] "alpha updated"
[1] "delta updated"
[1] "beta updated"
[1] "******************************3th Iteration******************************"
[1] "beta"
[1]  0.75535066  0.19583791 -0.10161830 -0.09366354  0.04329635 -0.55986092
[7] -0.01760063 -0.23217180 -0.04961254
[1] "alpha1"
[1] -1.139466 -1.752915 -2.745033 -1.752481 -2.490273 -2.925897 -3.012242
[8] -3.613898
[1] "alpha2"
[1]  -2.6783949  -3.4859939  -4.1164156  -7.8435771  -2.8645667  -8.9621673
[7]   0.4292208 -17.5666358
[1] "delta"
[1] 0.6027029
[1] "err"
[1] 0.1144326
[1] "alpha updated"
[1] "delta updated"
[1] "beta updated"
[1] "******************************4th Iteration******************************"
[1] "beta"
[1]  0.79090725  0.19685515 -0.07247468 -0.08432938  0.03078062 -0.53378808
[7] -0.03603001 -0.18154419 -0.05671098
[1] "alpha1"
[1] -1.113520 -1.598270 -2.895766 -1.568267 -2.693839 -2.783838 -3.182323
[8] -3.532158
[1] "alpha2"
[1]  -2.7053013  -3.0985889  -5.0261464  -6.1316220  -4.1728209  -7.6820515
[7]  -0.2775537 -19.3006589
[1] "delta"
[1] 0.6073641
[1] "err"
[1] 0.07754438
[1] "alpha updated"
[1] "delta updated"
[1] "beta updated"
[1] "******************************5th Iteration******************************"
[1] "beta"
[1]  0.78985221  0.22677717 -0.03822776 -0.06205846 -0.06060518 -0.55693734
[7] -0.04935884 -0.04337698  0.03497056
[1] "alpha1"
[1] -1.062012 -1.622849 -2.790705 -1.549639 -2.781662 -2.740385 -3.304178
[8] -3.485131
[1] "alpha2"
[1]  -2.6675685  -3.1871961  -5.0000219  -5.4412668  -4.9046713  -6.8936189
[7]  -0.7144792 -22.4346536
[1] "delta"
[1] 0.6116047
[1] "err"
[1] 0.1978481
[1] "alpha updated"
[1] "delta updated"
[1] "beta updated"
[1] "******************************6th Iteration******************************"
[1] "beta"
[1]  0.79782928  0.21472562 -0.04003844 -0.06586071 -0.07271401 -0.54850174
[7] -0.05384059 -0.02562043  0.04152022
[1] "alpha1"
[1] -1.024869 -1.727114 -2.640488 -1.462795 -2.892775 -2.624701 -3.665051
[8] -3.324189
[1] "alpha2"
[1]  -2.5921609  -3.5728642  -4.1612741  -6.7587324  -3.7937940  -8.0049422
[7]  -0.5580007 -21.2135724
[1] "delta"
[1] 0.6120152
[1] "err"
[1] 0.0286852
[1] "alpha updated"
[1] "delta updated"
[1] "beta updated"
[1] "******************************7th Iteration******************************"
[1] "beta"
[1]  0.80455815  0.20327613 -0.03602401 -0.06932034 -0.07506301 -0.54260528
[7] -0.05767108 -0.01475941  0.04078272
[1] "alpha1"
[1] -1.028799 -1.724657 -2.510140 -1.511632 -2.938674 -2.545784 -3.805383
[8] -3.279054
[1] "alpha2"
[1]  -2.6003005  -3.6309701  -3.7044913  -7.4178692  -3.1983464  -8.8971742
[7]   0.5271795 -25.1474564
[1] "delta"
[1] 0.6101318
[1] "err"
[1] 0.01953111
[1] "alpha updated"
[1] "delta updated"
[1] "beta updated"
[1] "******************************8th Iteration******************************"
[1] "beta"
[1]  0.810114792  0.194982230 -0.029852274 -0.070815046 -0.074502928
[6] -0.537756714 -0.060077914 -0.007748199  0.037251363
[1] "alpha1"
[1] -1.035433 -1.689396 -2.407332 -1.581616 -2.963309 -2.503626 -3.844977
[8] -3.285645
[1] "alpha2"
[1]  -2.598434  -3.679858  -3.400333  -7.656596  -2.983510  -9.239002
[7]   1.006983 -27.514107
[1] "delta"
[1] 0.6095658
[1] "err"
[1] 0.01521685
[1] "alpha updated"
[1] "delta updated"
[1] "beta updated"
[1] "******************************9th Iteration******************************"
[1] "beta"
[1]  0.814349301  0.188566900 -0.025000963 -0.071065601 -0.073547636
[6] -0.534107644 -0.061244603 -0.003781331  0.034013859
[1] "alpha1"
[1] -1.040184 -1.643954 -2.344143 -1.633573 -2.983718 -2.477883 -3.848026
[8] -3.307317
[1] "alpha2"
[1]  -2.594305  -3.705433  -3.246695  -7.665928  -2.971006  -9.274514
[7]   1.096447 -28.191851
[1] "delta"
[1] 0.6100652
[1] "err"
[1] 0.01116879
[1] "alpha updated"
[1] "delta updated"
[1] "beta updated"
[1] "******************************10th Iteration******************************"
[1] "beta"
[1]  0.817780006  0.183159956 -0.021960605 -0.070686299 -0.072902025
[6] -0.531146742 -0.061522358 -0.001773931  0.031460411
[1] "alpha1"
[1] -1.044443 -1.597496 -2.310655 -1.665484 -3.002084 -2.459007 -3.845531
[8] -3.325689
[1] "alpha2"
[1]  -2.5919934  -3.7020919  -3.1970692  -7.5796697  -3.0415052  -9.1795783
[7]   0.9794662 -27.6232049
[1] "delta"
[1] 0.6109684
[1] "err"
[1] 0.00842727
[1] "alpha updated"
[1] "delta updated"
[1] "beta updated"
[1] "******************************11th Iteration******************************"
[1] "beta"
[1]  0.8209511260  0.1783718033 -0.0199999782 -0.0700031166 -0.0724959487
[6] -0.5282613627 -0.0613091470 -0.0008498858  0.0291041122
[1] "alpha1"
[1] -1.048464 -1.554865 -2.293196 -1.684875 -3.018051 -2.443386 -3.846330
[8] -3.337656
[1] "alpha2"
[1]  -2.5914978  -3.6782612  -3.2029323  -7.4672749  -3.1388148  -9.0336392
[7]   0.7589343 -26.3663914
[1] "delta"
[1] 0.611865
[1] "err"
[1] 0.00728277
[1] "alpha updated"
[1] "delta updated"
[1] "beta updated"
[1] "******************************12th Iteration******************************"
[1] "beta"
[1]  0.8241416042  0.1738804414 -0.0186795295 -0.0691640412 -0.0721867700
[6] -0.5251730100 -0.0608873751 -0.0004471398  0.0264296487
[1] "alpha1"
[1] -1.051930 -1.517061 -2.282570 -1.698298 -3.032026 -2.429190 -3.851065
[8] -3.344750
[1] "alpha2"
[1]  -2.5922607  -3.6426345  -3.2356334  -7.3515876  -3.2437712  -8.8679572
[7]   0.4930463 -24.8372921
[1] "delta"
[1] 0.6126704
[1] "err"
[1] 0.007111551
[1] "******************************Output Below******************************"
basis splines without age square
$iterations
[1] 12

$time
[1] "7.16 mins"

$final.alpha1
[1] -1.051930 -1.517061 -2.282570 -1.698298 -3.032026 -2.429190 -3.851065
[8] -3.344750

$final.alpha2
[1]  -2.5922607  -3.6426345  -3.2356334  -7.3515876  -3.2437712  -8.8679572
[7]   0.4930463 -24.8372921

$final.beta
[1]  0.8241416042  0.1738804414 -0.0186795295 -0.0691640412 -0.0721867700
[6] -0.5251730100 -0.0608873751 -0.0004471398  0.0264296487

$final.delta
[1] 0.6126704

basis splines without age square
$iterations
[1] 2

$time
[1] "11.828 mins"

$final.alpha1
[1] -1.258964 -1.344705 -1.850996 -2.191244 -2.740926 -2.849842 -2.323792
[8] -2.562734

$final.alpha2
[1]  -2.67787822  -3.60092839  -2.89385378  -7.85258320  -1.38209655
[6] -11.06421599  -0.02702998  -8.42906525

$final.beta
[1]  0.42185679  0.15215345  0.06633692 -0.14783792 -0.02963248 -0.75031290
[7] -0.12068701  0.35859414 -0.25617748

$final.delta
[1] 0.5984149

basis splines without age square
$iterations
[1] 2

$time
[1] "11.828 mins"

$final.alpha1
[1] -1.258964 -1.344705 -1.850996 -2.191244 -2.740926 -2.849842 -2.323792
[8] -2.562734

$final.alpha2
[1]  -2.67787822  -3.60092839  -2.89385378  -7.85258320  -1.38209655
[6] -11.06421599  -0.02702998  -8.42906525

$final.beta
[1]  0.42185679  0.15215345  0.06633692 -0.14783792 -0.02963248 -0.75031290
[7] -0.12068701  0.35859414 -0.25617748

$final.delta
[1] 0.5984149

basis splines without age square
basis splines without age square
$iterations
[1] 4

$time
[1] "25.107 mins"

$final.alpha1
[1] -1.322398 -2.260611 -2.375870 -1.669356 -1.851577 -2.768243 -2.805548
[8] -2.196886

$final.alpha2
[1] -4.817669 -4.794900 -4.748751 -4.681380 -4.618527 -4.561527 -4.514673
[8] -4.490893

$final.beta
[1]  1.624389e-15  1.226593e-01  6.195298e-01 -6.954816e-01 -1.351849e-01
[6] -2.901017e-01 -5.125739e-02 -9.306112e-03 -1.108831e-01

$final.delta
[1] 0.6015555

basis splines without age square
[1] "alpha updated"
[1] "delta updated"
[1] "beta updated"
[1] "******************************0th Iteration******************************"
[1] "beta"
[1]  0.808034263  0.104949952 -0.108520310 -0.088103989 -0.137625248
[6] -0.529203998 -0.130778379 -0.019007471 -0.008081982
[1] "alpha1"
[1] -1.961166 -1.874757 -2.140227 -2.248016 -2.533810 -2.696451 -2.395615
[8] -2.043286
[1] "alpha2"
[1] -3.752515 -3.954333 -4.270717 -4.710728 -5.007174 -5.242411 -4.920595
[8] -4.359354
[1] "delta"
[1] 0.5809278
[1] "err"
[1] 1.0333
[1] "alpha updated"
[1] "delta updated"
[1] "beta updated"
[1] "******************************1th Iteration******************************"
[1] "beta"
[1]  0.85376668  0.08840727 -0.03684947 -0.05381613 -0.08883392 -0.46262181
[7] -0.08646133 -0.02569789 -0.17019458
[1] "alpha1"
[1] -1.226945 -1.579966 -1.932724 -2.241916 -2.524279 -2.897712 -3.058755
[8] -3.142429
[1] "alpha2"
[1] -2.645820 -3.543910 -4.346372 -4.928548 -5.358295 -5.659504 -6.015742
[8] -6.455195
[1] "delta"
[1] 0.6136884
[1] "err"
[1] 0.2117871
[1] "alpha updated"
[1] "delta updated"
[1] "beta updated"
[1] "******************************2th Iteration******************************"
[1] "beta"
[1]  0.87688037  0.09479496 -0.01133023 -0.04804897 -0.08795543 -0.43891822
[7] -0.08186445 -0.03179316 -0.10751606
[1] "alpha1"
[1] -1.052186 -1.414557 -1.837941 -2.261016 -2.620791 -2.929696 -3.262721
[8] -3.461062
[1] "alpha2"
[1] -2.538197 -3.411791 -4.313937 -4.988200 -5.440660 -5.620896 -5.767269
[8] -6.044206
[1] "delta"
[1] 0.6258903
[1] "err"
[1] 0.07718766
[1] "alpha updated"
[1] "delta updated"
[1] "beta updated"
[1] "******************************3th Iteration******************************"
[1] "beta"
[1]  0.87688037  0.09479496 -0.01133023 -0.04804897 -0.08795543 -0.43891822
[7] -0.08186445 -0.03179316 -0.10751606
[1] "alpha1"
[1] -1.016066 -1.309889 -1.838110 -2.289026 -2.649893 -2.942238 -3.298733
[8] -3.550801
[1] "alpha2"
[1] -2.529580 -3.397448 -4.329708 -4.994966 -5.430784 -5.594083 -5.714908
[8] -5.965961
[1] "delta"
[1] 0.6283081
[1] "err"
[1] 0.002417763
[1] "******************************Output Below******************************"
basis splines without age square
$iterations
[1] 3

$time
[1] "31.148 mins"

$final.alpha1
[1] -1.016066 -1.309889 -1.838110 -2.289026 -2.649893 -2.942238 -3.298733
[8] -3.550801

$final.alpha2
[1] -2.529580 -3.397448 -4.329708 -4.994966 -5.430784 -5.594083 -5.714908
[8] -5.965961

$final.beta
[1]  0.87688037  0.09479496 -0.01133023 -0.04804897 -0.08795543 -0.43891822
[7] -0.08186445 -0.03179316 -0.10751606

$final.delta
[1] 0.6283081

basis splines without age square
basis splines with age square
basis splines with age square
[1] "alpha updated"
[1] "delta updated"
[1] "beta updated"
[1] "******************************1th Iteration******************************"
[1] "beta"
 [1]  0.08574409  0.29855610  0.28147931  0.27387801  0.27664877 -0.46167186  0.52355352  0.02508958
 [9]  0.01999221  0.42948752
[1] "alpha1"
[1]  0.739924631  0.028327389  0.008768025  0.013459162  0.345270932  1.120323807 -2.951484100
[1] "alpha2"
[1]  1.7118544  1.0187119  0.6829407  0.4532408  0.6770537  0.6873500 -6.3873475
[1] "delta"
[1] 0.9577339
[1] "err"
[1] 6123.057
[1] "alpha updated"
[1] "delta updated"
[1] "beta updated"
[1] "******************************2th Iteration******************************"
[1] "beta"
 [1]  0.10742566 -0.11650053 -0.04966267  0.34775632  0.09573486  0.06869651  0.82837864  0.05899822
 [9]  0.01803598  0.38416777
[1] "alpha1"
[1]  2.095033e-01  7.447146e-04  3.087714e-03  7.249354e-21  2.981463e-10  1.254474e+00 -2.529002e+00
[1] "alpha2"
[1]  0.0202113244  1.1237126839  0.0016081992  0.0003417629  0.4307205908  1.9311270246 -5.8768045184
[1] "delta"
[1] 0.6285137
[1] "err"
[1] 542.6432
[1] "alpha updated"
[1] "delta updated"
[1] "beta updated"
[1] "******************************3th Iteration******************************"
[1] "beta"
 [1]  0.001019415 -0.054873947 -0.091095750  0.055345912  0.059033604  0.330290427  0.857382130  0.065188492
 [9]  0.011217648  0.365472271
[1] "alpha1"
[1]  1.995249e-01  4.166242e-01  2.460787e-05  1.614346e-81  8.034067e-88  9.049352e-01 -2.781334e+00
[1] "alpha2"
[1]  1.383472e-10  1.691583e+00  1.958226e-07  5.251920e-03  3.616739e-01  1.516766e+00 -6.195973e+00
[1] "delta"
[1] 0.6102672
[1] "err"
[1] 27.46839
[1] "alpha updated"
[1] "delta updated"
[1] "beta updated"
[1] "******************************4th Iteration******************************"
[1] "beta"
 [1]  0.01465457 -0.09683886 -0.05245721  0.08028031  0.04909895  0.33402829  0.85290670  0.04033374
 [9]  0.02924359  0.37053117
[1] "alpha1"
[1]  7.432223e-02  6.904498e-01  2.969779e-05  0.000000e+00  0.000000e+00  8.637811e-01 -2.856559e+00
[1] "alpha2"
[1]  5.151324e-68  1.988353e+00  7.052621e-08  6.658621e-21  3.525341e-05  1.694145e+00 -6.296363e+00
[1] "delta"
[1] 0.6109642
[1] "err"
[1] 7.087575
[1] "alpha updated"
[1] "delta updated"
[1] "beta updated"
[1] "******************************5th Iteration******************************"
[1] "beta"
 [1]  0.01252455 -0.08772631 -0.05708640  0.10091240  0.05174623  0.34171911  0.86601084  0.04920030
 [9]  0.03294455  0.32523015
[1] "alpha1"
[1]  7.432223e-02  6.904498e-01  2.969779e-05  0.000000e+00  0.000000e+00  8.637811e-01 -2.856559e+00
[1] "alpha2"
[1]  2.653614e-135   1.988353e+00   4.973946e-15   4.433723e-41   1.242803e-09   1.694145e+00  -6.296363e+00
[1] "delta"
[1] 0.6121433
[1] "err"
[1] 2.457722
[1] "alpha updated"
[1] "delta updated"
[1] "beta updated"
[1] "******************************6th Iteration******************************"
[1] "beta"
 [1]  0.002308495 -0.083439593 -0.054348542  0.078331259  0.052181961  0.355020163  0.843050301  0.045502392
 [9]  0.028393164  0.376258200
[1] "alpha1"
[1]  7.432223e-02  6.904498e-01  2.969779e-05  0.000000e+00  0.000000e+00  8.637811e-01 -2.856559e+00
[1] "alpha2"
[1]  7.041666e-270   1.988353e+00   2.474014e-29   1.965790e-81   1.544559e-18   1.694145e+00  -6.296363e+00
[1] "delta"
[1] 0.6121112
[1] "err"
[1] 2.936553
[1] "alpha updated"
[1] "delta updated"
[1] "beta updated"
[1] "******************************7th Iteration******************************"
[1] "beta"
 [1]  0.08032370 -0.14856097 -0.06204059  0.08491056  0.04830477  0.23114304  0.89540919  0.03939100
 [9]  0.03449020  0.31648004
[1] "alpha1"
[1]  7.432223e-02  6.904498e-01  2.969779e-05  0.000000e+00  0.000000e+00  8.637811e-01 -2.856559e+00
[1] "alpha2"
[1]   0.000000e+00   1.988353e+00   6.120745e-58  3.864331e-162   2.385664e-36   1.694145e+00  -6.296363e+00
[1] "delta"
[1] 0.6122263
[1] "err"
[1] 0.8162853
[1] "alpha updated"
[1] "delta updated"
[1] "beta updated"
[1] "******************************8th Iteration******************************"
[1] "beta"
 [1]  0.008880591 -0.089923167 -0.044150285  0.371106780  0.044449968  0.080263563  0.852057951  0.029805187
 [9]  0.034320702  0.340115303
[1] "alpha1"
[1]  7.432223e-02  6.904498e-01  2.969779e-05  0.000000e+00  0.000000e+00  8.637811e-01 -2.856559e+00
[1] "alpha2"
[1]   0.000000e+00   1.988353e+00  3.746352e-115  1.482197e-323   5.691393e-72   1.694145e+00  -6.296363e+00
[1] "delta"
[1] 0.6110508
[1] "err"
[1] 0.6359791
[1] "alpha updated"
[1] "delta updated"
[1] "beta updated"
[1] "******************************9th Iteration******************************"
[1] "beta"
 [1]  0.05886164 -0.13717511 -0.04589534  0.08904522  0.05087371  0.27989700  0.86771003  0.02871411
 [9]  0.05153092  0.36104261
[1] "alpha1"
[1]  7.432223e-02  6.904498e-01  8.819586e-10  0.000000e+00  0.000000e+00  8.637811e-01 -2.856559e+00
[1] "alpha2"
[1]   0.000000e+00   1.988353e+00  1.403516e-229   0.000000e+00  3.239195e-143   1.694145e+00  -6.296363e+00
[1] "delta"
[1] 0.6108539
[1] "err"
[1] 2.440123
[1] "alpha updated"
[1] "delta updated"
[1] "beta updated"
[1] "******************************10th Iteration******************************"
[1] "beta"
 [1]  0.003224279 -0.082404364 -0.061245907  0.087752253  0.052781955  0.345497990  0.854891040  0.043637028
 [9]  0.032616988  0.354663306
[1] "alpha1"
[1]  7.432223e-02  6.904498e-01  8.819586e-10  0.000000e+00  0.000000e+00  8.637811e-01 -2.856559e+00
[1] "alpha2"
[1]   0.000000e+00   1.988353e+00   0.000000e+00   0.000000e+00  1.049239e-285   1.694145e+00  -6.296363e+00
[1] "delta"
[1] 0.6112969
[1] "err"
[1] 2.223455
[1] "alpha updated"
[1] "delta updated"
[1] "beta updated"
[1] "******************************11th Iteration******************************"
[1] "beta"
 [1]  0.001814952 -0.094342511 -0.051420425  0.103281469  0.046402599  0.312889161  0.868105292  0.037672182
 [9]  0.024073262  0.349466355
[1] "alpha1"
[1]  7.432223e-02  6.904498e-01  8.819586e-10  0.000000e+00  0.000000e+00  8.637811e-01 -2.856559e+00
[1] "alpha2"
[1]  0.000000  1.988353  0.000000  0.000000  0.000000  1.694145 -6.296363
[1] "delta"
[1] 0.612082
[1] "err"
[1] 4.166371
[1] "alpha updated"
[1] "delta updated"
[1] "beta updated"
[1] "******************************12th Iteration******************************"
[1] "beta"
 [1]  0.08110763 -0.15353781 -0.05200400  0.14057332  0.04143318  0.25909690  0.85381410  0.04706901
 [9]  0.03510983  0.38221434
[1] "alpha1"
[1]  7.432223e-02  6.904498e-01  8.819586e-10  0.000000e+00  0.000000e+00  8.637811e-01 -2.856559e+00
[1] "alpha2"
[1]  0.000000  1.988353  0.000000  0.000000  0.000000  1.694145 -6.296363
[1] "delta"
[1] 0.6119665
[1] "err"
[1] 4.713292
[1] "alpha updated"
[1] "delta updated"
[1] "beta updated"
[1] "******************************13th Iteration******************************"
[1] "beta"
 [1]  0.06770880 -0.12996053 -0.06675433  0.07603359  0.04794815  0.17847913  0.88870343  0.03349414
 [9]  0.02383872  0.37769137
[1] "alpha1"
[1]  7.432223e-02  6.904498e-01  8.819586e-10  0.000000e+00  0.000000e+00  8.637811e-01 -2.856559e+00
[1] "alpha2"
[1]  0.000000  1.988353  0.000000  0.000000  0.000000  1.694145 -6.296363
[1] "delta"
[1] 0.6117289
[1] "err"
[1] 0.01373329
[1] "alpha updated"
[1] "delta updated"
[1] "beta updated"
[1] "******************************14th Iteration******************************"
[1] "beta"
 [1]  0.04242208 -0.11694095 -0.04635894  0.15242656  0.04773829  0.20688517  0.88009356  0.03159634
 [9]  0.03089319  0.37086974
[1] "alpha1"
[1]  7.432223e-02  6.904498e-01  8.819586e-10  0.000000e+00  0.000000e+00  8.637811e-01 -2.856559e+00
[1] "alpha2"
[1]  0.000000  1.988353  0.000000  0.000000  0.000000  1.694145 -6.296363
[1] "delta"
[1] 0.6109576
[1] "err"
[1] 0.4014006
[1] "alpha updated"
[1] "delta updated"
[1] "beta updated"
[1] "******************************15th Iteration******************************"
[1] "beta"
 [1]  0.03566023 -0.11840003 -0.06709158  0.06926816  0.05567875  0.38640467  0.86237879  0.05039807
 [9]  0.02733024  0.27571296
[1] "alpha1"
[1]  7.432223e-02  6.904498e-01  8.819586e-10  0.000000e+00  0.000000e+00  8.637811e-01 -2.856559e+00
[1] "alpha2"
[1]  0.000000  1.988353  0.000000  0.000000  0.000000  1.694145 -6.296363
[1] "delta"
[1] 0.6116207
[1] "err"
[1] 4.997293
[1] "alpha updated"
[1] "delta updated"
[1] "beta updated"
[1] "******************************16th Iteration******************************"
[1] "beta"
 [1]  0.01895311 -0.09877560 -0.38533359 -0.17808313  0.05704528  0.22899748  0.78883850  0.05006432
 [9]  0.01918940  0.35896200
[1] "alpha1"
[1]  7.432223e-02  6.904498e-01  7.778510e-19  0.000000e+00  0.000000e+00  8.637811e-01 -2.856559e+00
[1] "alpha2"
[1]  0.000000  1.988353  0.000000  0.000000  0.000000  1.694145 -6.296363
[1] "delta"
[1] 0.6108431
[1] "err"
[1] 1.137342
[1] "alpha updated"
[1] "delta updated"
[1] "beta updated"
[1] "******************************17th Iteration******************************"
[1] "beta"
 [1]  0.005792053 -0.070211821 -0.071986132  0.100163705  0.051553835  0.235128017  0.886875120  0.044964196
 [9]  0.034740275  0.363459564
[1] "alpha1"
[1]  7.432223e-02  6.904498e-01  6.050522e-37  0.000000e+00  0.000000e+00  8.637811e-01 -2.856559e+00
[1] "alpha2"
[1]  0.000000  1.988353  0.000000  0.000000  0.000000  1.694145 -6.296363
[1] "delta"
[1] 0.6096092
[1] "err"
[1] 9.529806
[1] "alpha updated"
[1] "delta updated"
[1] "beta updated"
[1] "******************************18th Iteration******************************"
[1] "beta"
 [1]  0.002035706 -0.077519470 -0.054223223  0.088222829  0.049231879  0.295599092  0.872366699  0.041940153
 [9]  0.029586373  0.360281242
[1] "alpha1"
[1]  7.432223e-02  6.904498e-01  3.660882e-73  0.000000e+00  0.000000e+00  8.637811e-01 -2.856559e+00
[1] "alpha2"
[1]  0.000000  1.988353  0.000000  0.000000  0.000000  1.694145 -6.296363
[1] "delta"
[1] 0.6116825
[1] "err"
[1] 1.586052
[1] "alpha updated"
[1] "delta updated"
[1] "beta updated"
[1] "******************************19th Iteration******************************"
[1] "beta"
 [1]  0.04063280 -0.11487395 -0.07116320  0.10791080  0.05968213  0.26128486  0.88552104  0.05149454
 [9]  0.21705144  0.25040317
[1] "alpha1"
[1]   7.432223e-02   6.904498e-01  1.340206e-145   0.000000e+00   0.000000e+00   8.637811e-01  -2.856559e+00
[1] "alpha2"
[1]  0.000000  1.988353  0.000000  0.000000  0.000000  1.694145 -6.296363
[1] "delta"
[1] 0.6122919
[1] "err"
[1] 7.320571
[1] "******************************Output Below******************************"
basis splines with age square
$iterations
[1] 20

$cost
 [1] -9993.977 -3870.920 -3328.277 -3300.809 -3293.721 -3291.264 -3294.200 -3293.384 -3292.748 -3295.188
[11] -3292.965 -3297.131 -3292.418 -3292.404 -3292.805 -3297.803 -3298.940 -3289.410 -3290.996

$time
[1] "469.485 mins"

$final.alpha1
[1]   7.432223e-02   6.904498e-01  1.340206e-145   0.000000e+00   0.000000e+00   8.637811e-01  -2.856559e+00

$final.alpha2
[1]  0.000000  1.988353  0.000000  0.000000  0.000000  1.694145 -6.296363

$final.beta
 [1]  0.04063280 -0.11487395 -0.07116320  0.10791080  0.05968213  0.26128486  0.88552104  0.05149454
 [9]  0.21705144  0.25040317

$final.delta
[1] 0.6122919

